## Sort-following-NumPy-array
## Sample code to check the details for the following details 
```sh
print("Printing Original array")
sampleArray = numpy.array([[34,43,73],[82,22,12],[53,94,66]]) 
print (sampleArray)

```
## Example output
Printing Original array
[[34 43 73]
 [82 22 12]
 [53 94 66]]

Sorting Original array by secoond row
[[73 43 34]
 [12 22 82]
 [66 94 53]]

Sorting Original array by secoond column
[[82 22 12]
 [34 43 73]
 [53 94 66]]
